0.10523 0.08330 1.0
0.15592 0.88796 -1.0
0.67338 0.39708 1.0
0.26366 0.02529 1.0
0.13006 0.49014 1.0
0.97197 0.68767 1.0
0.79719 0.08848 1.0
0.21873 0.44508 1.0
0.47496 0.22848 1.0
0.57499 0.36827 1.0
0.56553 0.83329 -1.0
0.77482 0.13906 1.0
0.57273 0.85749 -1.0
0.15050 0.68702 -1.0
0.38364 0.26531 1.0
0.84373 0.71081 1.0
0.01273 0.54071 -1.0
0.85039 0.99002 -1.0
0.02805 0.07152 -1.0
0.29795 0.12165 1.0
0.61523 0.54497 1.0
0.68238 0.48613 1.0
0.89768 0.39425 1.0
0.48462 0.58362 -1.0
0.15239 0.71645 -1.0
0.30775 0.90152 -1.0
0.84965 0.27794 1.0
0.02791 0.21892 -1.0
0.61781 0.51508 1.0
0.39308 0.82043 -1.0
0.06555 0.81528 -1.0
0.79104 0.83195 -1.0
0.17093 0.83677 -1.0
0.68583 0.87906 -1.0
0.27697 0.13319 1.0
0.37863 0.98716 -1.0
0.12794 0.09425 1.0
0.77363 0.25357 1.0
0.11106 0.08033 1.0
0.88463 0.36875 1.0
0.21598 0.69401 -1.0
0.39447 0.00791 1.0
0.69655 0.37043 1.0
0.31644 0.48217 -1.0
0.49764 0.85146 -1.0
0.56044 0.76829 -1.0
0.26383 0.31179 -1.0
0.62324 0.96478 -1.0
0.94142 0.44177 1.0
0.39635 0.73559 1.0
0.49290 0.18689 1.0
0.01253 0.02298 -1.0
0.61854 0.30825 1.0
0.99227 0.08544 1.0
0.96112 0.84727 1.0
0.50361 0.22172 1.0
0.61046 0.99406 1.0
0.66200 0.57363 1.0
0.60657 0.31286 1.0
0.23887 0.90280 -1.0
0.51817 0.86734 -1.0
0.02429 0.75744 -1.0
0.56512 0.26952 1.0
0.14860 0.09800 1.0
0.38821 0.39316 -1.0
0.21061 0.22428 -1.0
0.36877 0.89522 -1.0
0.42569 0.39762 1.0
0.63534 0.69922 -1.0
0.68432 0.97170 -1.0
0.09757 0.40170 -1.0
0.44265 0.81555 -1.0
0.55002 0.33042 1.0
0.70916 0.75912 -1.0
0.43479 0.12448 1.0
0.11160 0.67161 -1.0
0.50562 0.00757 1.0
0.77118 0.24289 1.0
0.35127 0.06376 1.0
0.68421 0.70683 -1.0
0.26623 0.07993 1.0
0.97419 0.66203 -1.0
0.75389 0.04628 1.0
0.92528 0.43616 -1.0
0.60188 0.55932 1.0
0.40048 0.37070 1.0
0.40340 0.32575 1.0
0.40325 0.92822 -1.0
0.85612 0.90972 -1.0
0.53912 0.18491 1.0
0.79990 0.53934 1.0
0.33622 0.17684 1.0
0.69243 0.96239 -1.0
0.25576 0.22872 1.0
0.08655 0.27002 1.0
0.23719 0.60678 -1.0
0.19654 0.85410 -1.0
0.14252 0.92869 -1.0
0.53379 0.51858 1.0
0.30416 0.81598 -1.0
0.61898 0.47968 1.0
0.65224 0.23012 1.0
0.56107 0.78772 -1.0
0.22199 0.13987 1.0
0.09216 0.62627 -1.0
0.39805 0.91994 -1.0
0.81655 0.88023 -1.0
0.09488 0.63569 -1.0
0.28517 0.93125 -1.0
0.28871 0.32948 -1.0
0.74771 0.50715 1.0
0.73990 0.68245 1.0
0.20007 0.56640 -1.0
0.33154 0.41920 1.0
0.33277 0.71242 -1.0
0.42487 0.41847 1.0
0.06970 0.14749 -1.0
0.04285 0.41464 -1.0
0.90189 0.18176 1.0
0.65139 0.01331 1.0
0.10508 0.00310 1.0
0.10458 0.17268 -1.0
0.60369 0.26419 1.0
0.95488 0.37893 1.0
0.73510 0.58964 1.0
0.10680 0.55663 -1.0
0.12182 0.34242 -1.0
0.32629 0.01066 1.0
0.38872 0.62662 -1.0
0.31679 0.10254 1.0
0.87035 0.04832 1.0
0.48034 0.73170 -1.0
0.70295 0.27335 1.0
0.38767 0.36736 1.0
0.51502 0.64093 -1.0
0.50985 0.17422 1.0
0.42668 0.83545 -1.0
0.86294 0.11051 1.0
0.67995 0.10389 1.0
0.79069 0.17281 1.0
0.85364 0.32679 1.0
0.90363 0.91360 -1.0
0.11401 0.43195 -1.0
0.69001 0.61709 1.0
0.39474 0.37488 1.0
0.93131 0.60549 1.0
0.64992 0.08042 1.0
0.73950 0.43061 -1.0
0.96142 0.48357 1.0
0.97990 0.65812 1.0
0.50083 0.38025 1.0
0.27658 0.61811 -1.0
0.45520 0.28077 1.0
0.79488 0.26737 1.0
0.70812 0.87608 -1.0
0.27359 0.14302 1.0
0.06073 0.25247 -1.0
0.33393 0.74696 -1.0
0.36984 0.68755 -1.0
0.01253 0.09024 -1.0
0.83536 0.24224 1.0
0.78515 0.14548 1.0
0.38799 0.15117 1.0
0.06053 0.19441 -1.0
0.66194 0.91517 -1.0
0.88256 0.64341 1.0
0.10792 0.53141 -1.0
0.70846 0.74759 -1.0
0.81758 0.88213 -1.0
0.14710 0.12388 1.0
0.66335 0.55469 1.0
0.20200 0.53271 -1.0
0.12134 0.08196 1.0
0.50487 0.00596 1.0
0.39533 0.21154 1.0
0.55954 0.04033 1.0
0.37895 0.25119 1.0
0.71483 0.03693 1.0
0.95269 0.94419 1.0
0.47870 0.86802 -1.0
0.40809 0.20806 1.0
0.52705 0.45861 1.0
0.85022 0.32714 1.0
0.01383 0.01598 -1.0
0.32672 0.15892 1.0
0.38819 0.85127 -1.0
0.65187 0.21944 1.0
0.87426 0.97755 -1.0
0.33181 0.16893 1.0
0.16648 0.08565 1.0
0.76437 0.47252 1.0
0.38901 0.89485 -1.0
0.30814 0.61724 -1.0
0.24021 0.32145 -1.0
0.71163 0.38764 1.0
0.44473 0.25529 1.0
0.14026 0.56148 -1.0
0.24527 0.43014 -1.0
0.39688 0.12885 1.0
0.51941 0.39182 1.0
0.52848 0.50205 1.0
0.48009 0.52261 -1.0
0.75172 0.06202 1.0
0.29388 0.70872 -1.0
0.67527 0.98604 -1.0
0.84443 0.49822 1.0
0.71004 0.79753 -1.0
0.64703 0.15650 1.0
0.17643 0.76957 -1.0
0.96846 0.44085 1.0
0.14785 0.15376 -1.0
0.69099 0.30778 1.0
0.16438 0.34475 -1.0
0.10769 0.02522 -1.0
0.78685 0.03154 -1.0
0.03378 0.79777 -1.0
0.19508 0.93900 -1.0
0.99938 0.37017 1.0
0.98467 0.80937 1.0
0.95459 0.82336 1.0
0.56599 0.58837 -1.0
0.77268 0.48777 1.0
0.48484 0.10395 1.0
0.08285 0.11178 -1.0
0.33520 0.16463 1.0
0.91871 0.49231 1.0
0.35442 0.22194 1.0
0.19685 0.51521 -1.0
0.42192 0.51701 -1.0
0.05852 0.73948 -1.0
0.64194 0.31413 1.0
0.25210 0.24749 1.0
0.04027 0.14690 -1.0
0.20778 0.02305 1.0
0.60755 0.78629 -1.0
0.44874 0.52071 -1.0
0.03825 0.40459 -1.0
0.43108 0.10265 1.0
0.31837 0.76047 -1.0
0.82296 0.23827 1.0
0.48924 0.91523 -1.0
0.42220 0.94791 -1.0
0.03333 0.42425 -1.0
0.22410 0.04052 1.0
0.60430 0.78773 -1.0
0.80606 0.46491 1.0
0.90737 0.65718 1.0
0.94075 0.98748 -1.0
0.69647 0.74389 -1.0
0.57431 0.01763 1.0
0.93737 0.79193 -1.0
0.85183 0.73927 1.0
0.54433 0.26927 1.0
0.44695 0.98779 -1.0
0.20062 0.74012 -1.0
0.62723 0.46230 1.0
0.62125 0.33186 1.0
0.38433 0.86464 -1.0
0.68967 0.17240 1.0
0.80214 0.90594 -1.0
0.84876 0.22240 1.0
0.59415 0.18373 1.0
0.59175 0.28071 1.0
0.21428 0.14662 1.0
0.32532 0.11968 1.0
0.91486 0.46400 1.0
0.10967 0.51056 -1.0
0.94330 0.11633 1.0
0.39039 0.24776 1.0
0.95129 0.05024 1.0
0.28085 0.45242 -1.0
0.67841 0.40969 1.0
0.97597 0.92854 1.0
0.43273 0.63553 -1.0
0.97982 0.88576 1.0
0.85614 0.78564 1.0
0.20788 0.89966 -1.0
0.35747 0.85139 -1.0
0.43371 0.29692 1.0
0.38481 0.90890 -1.0
0.82750 0.68832 1.0
0.75739 0.25014 1.0
0.50024 0.91008 -1.0
0.21978 0.92719 -1.0
0.35670 0.97558 -1.0
0.43633 0.03888 1.0
0.05674 0.50126 -1.0
0.81076 0.26725 1.0
0.21130 0.84620 -1.0
0.46998 0.79473 -1.0
0.49073 0.28829 1.0
0.55687 0.95744 -1.0
0.95884 0.18826 1.0
0.35083 0.97249 -1.0
0.22952 0.94313 -1.0
0.81478 0.64781 1.0
0.20774 0.73057 -1.0
0.23333 0.03373 1.0
0.04051 0.50137 -1.0
0.65946 0.81669 -1.0
0.57772 0.35533 1.0
0.79822 0.21607 1.0
0.38258 0.50380 -1.0
0.34317 0.08307 1.0
0.98230 0.35784 1.0
0.80320 0.40489 1.0
0.51983 0.32568 1.0
0.28284 0.73261 -1.0
0.02654 0.47061 -1.0
0.83197 0.67175 1.0
0.15025 0.88223 -1.0
0.66482 0.75870 -1.0
0.80776 0.52023 1.0
0.38225 0.01316 1.0
0.68124 0.06590 1.0
0.72488 0.58709 1.0
0.77111 0.94328 -1.0
0.91575 0.09655 1.0
0.65675 0.92962 -1.0
0.13738 0.41411 -1.0
0.11994 0.95224 -1.0
0.36847 0.93514 -1.0
0.14796 0.94346 -1.0
0.66875 0.91268 -1.0
0.04106 0.07647 -1.0
0.30466 0.24975 1.0
0.98505 0.91740 1.0
0.34706 0.03236 1.0
0.10201 0.53973 -1.0
0.90619 0.41563 1.0
0.34698 0.83419 -1.0
0.53926 0.71052 -1.0
0.52807 0.93512 -1.0
0.82994 0.79304 1.0
0.44742 0.54952 -1.0
0.68152 0.09481 1.0
0.62968 0.03476 1.0
0.50629 0.18191 1.0
0.17042 0.09087 1.0
0.88108 0.08650 1.0
0.82250 0.38412 1.0
0.92127 0.26787 1.0
0.39012 0.61714 -1.0
0.71224 0.66188 1.0
0.30751 0.84216 -1.0
0.55812 0.63461 -1.0
0.36508 0.80356 -1.0
0.58829 0.28698 1.0
0.52486 0.35282 1.0
0.20033 0.95884 -1.0
0.19913 0.89006 -1.0
0.65633 0.23112 1.0
0.20986 0.33593 -1.0
0.02996 0.17002 -1.0
0.14530 0.41058 -1.0
0.55928 0.61898 -1.0
0.30695 0.75492 -1.0
0.27249 0.84461 -1.0
0.28293 0.39551 -1.0
0.13571 0.95574 -1.0
0.44478 0.86897 -1.0
0.69304 0.60364 1.0
0.10779 0.16008 -1.0
0.05793 0.20998 -1.0
0.50892 0.43833 1.0
0.21171 0.45388 -1.0
0.02024 0.53936 -1.0
0.10807 0.85408 -1.0
0.62829 0.92177 -1.0
0.44172 0.09925 1.0
0.58521 0.01105 1.0
0.42355 0.99693 -1.0
0.37644 0.63636 -1.0
0.96350 0.70503 1.0
0.80778 0.02732 1.0
0.76748 0.93148 -1.0
0.39428 0.06599 1.0
0.90180 0.89902 1.0
0.61565 0.71169 -1.0
0.90603 0.63509 1.0
0.17904 0.66583 -1.0
0.13142 0.01838 1.0
0.94977 0.23943 1.0
0.81131 0.13935 1.0
0.49089 0.64650 -1.0
0.81827 0.94371 -1.0
0.51470 0.28522 1.0
0.17457 0.64907 -1.0
0.54833 0.63309 -1.0
0.57154 0.64154 -1.0
0.58020 0.63874 -1.0
0.57748 0.32074 1.0
0.51446 0.96657 -1.0
0.06306 0.11831 -1.0
0.48991 0.65828 -1.0
0.00630 0.81380 -1.0
0.22106 0.77798 -1.0
0.56899 0.08233 1.0
0.91393 0.69717 1.0
0.61638 0.49417 1.0
0.13237 0.45992 -1.0
0.16072 0.09427 1.0
0.64584 0.52744 1.0
0.66277 0.34861 1.0
0.99148 0.76414 1.0
0.88300 0.12074 1.0
0.57202 0.99247 -1.0
0.73720 0.68580 1.0
0.19413 0.87860 -1.0
0.29029 0.61991 -1.0
0.50429 0.44252 1.0
0.64187 0.05650 1.0
0.89177 0.12273 1.0
0.19737 0.40383 -1.0
0.18953 0.60361 -1.0
0.15592 0.93132 -1.0
0.20335 0.25734 -1.0
0.60713 0.86032 -1.0
0.02920 0.33612 -1.0
0.55434 0.43525 1.0
0.29486 0.79955 -1.0
0.13507 0.00221 1.0
0.97017 0.98953 -1.0
0.15413 0.64165 -1.0
0.87414 0.00890 1.0
0.66971 0.41138 1.0
0.67746 0.91736 -1.0
0.45174 0.68315 -1.0
0.09462 0.13680 -1.0
0.27030 0.67398 -1.0
0.53701 0.56370 -1.0
0.18253 0.06676 1.0
0.63646 0.79078 -1.0
0.44196 0.18208 1.0
0.00259 0.45251 -1.0
0.36942 0.88027 -1.0
0.92803 0.12811 1.0
0.51594 0.44119 1.0
0.36733 0.60529 -1.0
0.22030 0.36598 -1.0
0.60600 0.71682 -1.0
0.91381 0.14365 1.0
0.59883 0.87152 -1.0
0.40158 0.93507 -1.0
0.89618 0.13448 1.0
0.05592 0.53504 -1.0
0.17965 0.87416 -1.0
0.61218 0.11776 1.0
0.98837 0.07591 1.0
0.11583 0.13433 -1.0
0.81439 0.23507 1.0
0.26055 0.46171 -1.0
0.01565 0.19524 -1.0
0.37828 0.67960 -1.0
0.31446 0.97513 -1.0
0.38036 0.31094 1.0
0.38534 0.45461 -1.0
0.36272 0.62636 -1.0
0.64484 0.71117 -1.0
0.64757 0.33091 1.0
0.70445 0.06496 1.0
0.28175 0.08523 1.0
0.04541 0.96593 -1.0
0.96084 0.71961 1.0
0.58838 0.39196 1.0
0.68118 0.39326 1.0
0.19534 0.99557 -1.0
0.88290 0.38901 1.0
0.52298 0.70057 -1.0
0.24571 0.32783 -1.0
0.40461 0.62054 -1.0
0.08259 0.39283 -1.0
0.09872 0.97235 -1.0
0.74770 0.56937 1.0
0.97321 0.42362 1.0
0.34422 0.91999 -1.0
0.00171 0.95437 -1.0
0.93074 0.22976 1.0
0.28386 0.82865 -1.0
0.98571 0.44246 1.0
0.53476 0.61606 -1.0
0.61103 0.44401 1.0
0.47294 0.98234 -1.0
0.15211 0.72025 -1.0
0.69856 0.96764 -1.0
0.17072 0.95468 -1.0
0.46869 0.03655 1.0
0.39878 0.71600 -1.0
0.89532 0.03990 1.0
0.66138 0.14541 -1.0
0.30588 0.16054 -1.0
0.71539 0.08539 -1.0
0.72695 0.04015 -1.0
0.55406 0.53160 1.0
0.53043 0.87894 -1.0
0.92144 0.42180 -1.0
0.94895 0.28336 1.0
0.12144 0.91536 1.0
0.34322 0.76493 1.0
0.20321 0.25977 1.0
